2
6
7
9
14
17
22
34
39
42
44
45
49
50
56
57
60
61
63
65
67
70
72
73
75
89
90
91
95
99
101
104
106
110
112
115
117
124
128
129
136
137
138
139
144
150
159
170
176
181
184
186
191
198
208
213
214
215
216
217
219
220
222
223
227
230
235
237
239
242
243
245
256
259
262
265
268
270
272
273
278
282
292
293
297
300
301
306
308
311
312
317
320
326
327
329
342
350
354
358
363
367
369
372
380
383
386
389
397
399
408
409
418
426
431
432
435
442
447
451
452
457
458
459
461
462
467
471
474
478
482
483
485
494
498
503
504
507
511
513
514
534
539
540
543
545
549
551
553
557
563
568
572
580
581
583
586
597
601
605
606
613
617
620
621
622
624
625
626
628
631
635
639
641
644
649
650
658
659
663
666
667
669
670
671
679
682
688
691
696
700
703
704
705
711
720
729
730
731
733
734
735
737
739
741
742
747
748
755
757
765
772
773
774
775
776
788
800
802
803
809
812
815
816
817
820
826
829
832
833
837
841
844
845
846
850
851
857
858
866
875
876
882
885
898
902
903
904
911
915
917
921
929
931
935
939
944
946
949
953
961
963
968
983
985
988
989
1004
1005
1009
1010
1012
1016
1030
1040
1043
1052
1061
1064
1069
1071
1072
1075
1076
1078
1079
1081
1082
1084
1085
1086
1087
1089
1094
1095
1096
1097
1104
1107
1111
1114
1117
1118
1126
1129
1130
1141
1145
1147
1149
1151
1154
1155
1159
1163
1166
1169
1171
1174
1179
1181
1182
1188
1192
1194
1195
1197
1198
1200
1201
1202
1203
1204
1207
1211
1216
1217
1227
1228
1230
1232
1241
1242
1244
1246
1248
1254
1257
1258
1260
1273
1279
1280
1281
1284
1289
1290
1291
1300
1302
1307
1318
1322
1323
1324
1325
1327
1329
1330
1331
1332
1340
1344
1345
1346
1348
1349
1350
1352
1360
1361
1362
1370
1371
1372
1378
1382
1386
1391
1396
1397
1400
1401
1403
1404
1405
1406
1414
1416
1418
1422
1423
1428
1429
1434
1436
1455
1463
1466
1470
1471
1477
1482
1487
1488
1494
1496
1497
1498
1499
1502
1504
1508
1513
1514
1519
1520
1530
1533
1541
1542
1543
1551
1558
1559
1561
1566
1569
1570
1576
1578
1579
1580
1581
1585
1586
1593
1599
1602
1604
1610
1614
1618
1624
1626
1629
1630
1631
1632
1633
1637
1643
1644
1650
1654
1655
1661
1667
1668
1669
1672
1675
1681
1687
1688
1693
1694
1695
1696
1697
1698
1702
1712
1714
1718
1719
1723
1725
1730
1732
1738
1749
1750
1752
1754
1757
1765
1770
1772
1773
1778
1779
1780
1781
1785
1788
1792
1797
1800
1801
1802
1803
1805
1808
1809
1810
1812
1814
1816
1820
1821
1826
1830
1832
1833
1840
1847
1856
1857
1858
1859
1863
1871
1875
1878
1879
1881
1882
1884
1887
1889
1893
1896
1897
1899
1905
1906
1908
1909
1913
1914
1916
1919
1929
1931
1938
1942
1943
1944
1946
1948
1949
1954
1955
1958
1962
1967
1970
1972
1973
1975
1976
1977
1979
1981
1982
1988
1991
1996
1997
2001
2009
2011
2013
2016
2018
2020
2022
2023
2029
2030
2038
2039
2041
2048
2049
2054
2056
2057
2059
2060
2061
2073
2075
2078
2079
2080
2085
2086
2088
2091
2094
2095
2098
2100
2101
2102
2104
2105
2110
2113
2114
2120
2124
2126
2132
2133
2134
2135
2141
2142
2143
2144
2145
2151
2152
2155
2163
2164
2172
2175
2176
2180
2189
2191
2195
2198
2201
2204
2206
2207
2211
2215
2220
2222
2225
2226
2243
2245
2246
2255
2260
2262
2267
2270
2271
2274
2275
2277
2280
2283
2287
2290
2293
2300
2304
2318
2319
2325
2326
2327
2329
2336
2338
2342
2344
2348
2352
2356
2358
2360
2367
2368
2370
2374
2378
2381
2383
2388
2390
2391
2392
2393
2395
2401
2402
2405
2414
2418
2421
2422
2424
2425
2426
2429
2431
2432
2436
2453
2458
2459
2463
2465
2468
2473
2474
2475
2476
2477
2478
2479
2485
2490
2494
2495
