1
3
10
11
12
15
19
28
33
36
51
55
57
69
74
75
77
78
79
82
87
90
91
93
100
101
102
104
107
108
112
114
115
116
117
121
122
126
128
130
132
133
135
137
138
141
142
145
148
149
152
153
159
160
161
162
163
164
165
168
172
175
176
177
178
180
185
187
189
190
191
193
196
199
205
208
209
213
214
217
218
220
221
222
223
229
231
232
237
240
241
242
243
247
248
249
252
256
258
260
263
264
265
266
267
268
269
270
273
274
277
280
282
285
286
287
291
292
293
294
299
300
301
302
307
309
310
312
314
315
316
319
321
322
323
324
329
332
333
335
343
344
345
352
353
358
361
363
366
368
369
370
371
373
374
376
383
384
385
387
389
394
399
404
406
407
409
415
418
419
422
426
430
433
435
437
441
442
444
447
449
452
453
454
455
456
457
458
460
463
464
468
472
473
475
476
478
481
482
484
485
488
490
491
492
497
500
512
514
517
522
526
527
533
537
538
539
545
546
547
550
554
555
557
558
560
561
562
564
568
571
572
574
575
578
583
584
586
587
588
589
592
593
595
596
597
598
600
602
605
606
608
610
612
614
616
617
618
619
620
622
623
626
633
634
636
637
638
640
641
646
652
653
656
657
658
659
660
661
663
668
669
673
674
675
678
681
682
683
686
689
690
695
697
701
702
703
704
706
710
711
712
714
716
721
728
730
733
735
736
737
738
740
741
744
745
747
750
753
754
759
760
772
774
775
779
781
783
785
787
789
797
798
799
801
804
805
806
810
811
818
820
822
824
829
830
832
833
834
835
836
838
839
841
844
846
849
853
854
855
856
857
859
864
865
869
879
880
881
886
888
889
892
895
898
902
903
908
912
915
916
921
924
925
931
934
935
936
938
939
943
944
948
950
960
967
969
970
976
980
982
989
994
995
997
998
1001
1003
1006
1008
1012
1020
1021
1022
1026
1032
1033
1034
1040
1050
1053
1056
1060
1062
1063
1066
1070
1073
1077
1079
1086
1087
1088
1093
1100
1102
1103
1107
1113
1116
1118
1124
1125
1129
1132
1139
1140
1141
1145
1146
1147
1148
1153
1166
1170
1173
1174
1176
1184
1186
1191
1192
1194
1195
1196
1203
1206
1208
1209
1214
1219
1228
1234
1239
1241
1243
1255
1257
1264
1275
1277
1286
1291
1293
1294
1299
1309
1312
1313
1317
1318
1319
1320
1322
1325
1327
1339
1340
1341
1342
1345
1351
1353
1356
1360
1362
1365
1367
1372
1377
1381
1389
1404
1406
1409
1415
1418
1427
1428
1433
1436
1437
1441
1443
1446
1448
1449
1455
1456
1459
1461
1465
1467
1471
1474
1478
1479
1483
1489
1490
1491
1499
1508
1509
1511
1512
1519
1520
1521
1523
1529
1531
1534
1548
1552
1555
1556
1560
1563
1574
1582
1585
1587
1589
1591
1593
1594
1595
1596
1599
1603
1612
1616
1619
1623
1624
1628
1634
1635
1639
1646
1648
1652
1657
1658
1664
1667
1676
1681
1684
1685
1687
1703
1704
1706
1710
1717
1720
1721
1722
1726
1731
1733
1735
1739
1742
1743
1745
1748
1758
1765
1768
1773
1778
1787
1788
1793
1796
1797
1811
1813
1819
1822
1823
1826
1827
1833
1836
1839
1848
1861
1865
1866
1872
1873
1877
1883
1887
1894
1895
1896
1901
1906
1910
1913
1915
1917
1923
1926
1945
1946
1947
1949
1950
1952
1956
1960
1962
1969
1971
1976
1980
1987
1999
2002
2017
2018
2020
2025
2026
2033
2043
2045
2046
2051
2053
2054
2058
2059
2060
2069
2070
2078
2080
2082
2083
2086
2087
2089
2094
2101
2109
2110
2119
2120
2128
2132
2136
2141
2144
2149
2154
2159
2168
2175
2177
2179
2186
2187
2189
2190
2192
2198
2201
2204
2206
2207
2211
2213
2215
2224
2225
2229
2230
2238
2242
2249
2252
2253
2254
2256
2261
2267
2270
2273
2282
2287
2288
2294
2296
2303
2308
2316
2317
2320
2321
2325
2327
2329
2334
2335
2336
2337
2342
2346
2348
2349
2350
2351
2356
2361
2368
2373
2374
2376
2379
2382
2384
2389
2390
2391
2395
2396
2405
2406
2412
2414
2418
2421
2423
2424
2431
2435
2439
2440
2441
2446
2448
2449
2456
2458
2463
2465
2466
2473
2475
2483
2485
2489
2490
2495
2499
2500
2506
2507
2509
2510
2511
2512
2513
2515
2516
2519
2520
2521
2526
2534
2538
2541
2543
2549
2550
2553
2554
2557
2561
2562
2565
2575
2577
2580
2581
2597
2599
2601
2605
2606
2607
2610
2611
2614
2616
2618
2622
2626
2627
2634
2639
2640
2648
2650
2652
2656
2658
2660
2662
2664
2666
2667
2673
2675
2679
2693
2695
2700
2701
2706
2713
2715
2717
2719
2720
2723
2724
2725
2733
2745
2747
2749
2751
2754
2755
2756
2758
2759
2772
2773
2774
2787
2793
2796
2810
2812
2817
2820
2826
2827
2836
2842
2844
2845
2846
2851
2856
2857
2862
2878
2882
2891
2895
2897
2901
2903
2906
2911
2916
2920
2922
2925
2928
2932
2933
2944
2945
2947
2955
2957
2958
2960
2961
2966
2967
2968
2969
2970
2971
2976
2978
2981
2984
2985
2987
2992
2993
2994
2995
3004
3007
3008
3010
3013
3018
3022
3024
3027
3030
3031
3034
3035
3037
3041
3044
3045
3047
3052
3056
3058
3059
3062
3063
3065
3074
3078
3083
3084
3085
3087
3092
3094
3106
3107
3108
3113
3117
3118
3128
3134
3137
3141
3142
3144
3149
3154
3155
3158
3163
3164
3166
3175
3177
3178
3179
3191
3194
3195
3196
3200
3204
3209
3211
3222
3240
3242
3245
3247
3249
3252
3254
3258
3260
3265
3267
3270
3271
3274
3281
3288
3289
3291
3294
3295
3299
3305
3311
3314
3316
3319
3324
3327
3328
3330
3333
3337
3340
3341
3342
3349
3357
3358
3359
3366
3367
3381
3382
3388
3394
3395
3396
3399
3408
3409
3411
3413
3415
3417
3418
3426
3428
3430
3432
3433
3434
3435
3436
3440
3441
3444
3446
3448
3450
3458
3459
3468
3469
3476
3478
3479
3481
3482
3484
3485
3487
3488
3489
3490
3491
3504
3506
3508
3509
3513
3514
3517
3518
3521
3526
3532
3533
3537
3540
3541
3542
3546
3547
3552
3553
3554
3557
3558
3559
3562
3569
3572
3573
3574
3580
3584
3592
3599
3601
3606
3607
3611
3612
3613
3615
3618
3619
3631
3645
3647
3651
3661
3662
3665
3667
3668
3672
3677
3678
3679
3683
3686
3688
3689
3690
3698
3702
3703
3704
3705
3706
3707
3708
3717
3718
3719
3723
3727
3728
3729
3731
3733
3737
3738
3739
3743
3744
3747
3751
3760
3761
3770
3771
3774
3775
3776
3778
3787
3789
3791
3793
3794
3796
3797
3798
3801
3802
3804
3805
3807
3810
3812
3813
3817
3818
3820
3827
3828
3835
3836
3838
3839
3842
3844
3847
3850
3852
3857
3858
3859
3860
3861
3864
3871
3876
3879
3882
3884
3886
3888
3890
3893
3895
3900
3905
3906
3918
3919
3921
3927
3929
3930
3934
3936
3937
3938
3939
3941
3942
3943
3948
3953
3954
3955
3957
3958
3963
3965
3967
3971
3976
3978
3987
3988
3989
3993
3994
3996
3999
4004
4005
4006
4008
4010
4011
4016
4018
4020
4021
4023
4025
4028
4029
4033
4035
4036
4037
4038
4040
4044
4045
4047
4057
4058
4060
4061
4064
4069
4076
4078
4079
4084
4086
4095
4096
4098
4099
4102
4106
4108
4113
4114
4117
4120
4123
4124
4130
4133
4135
4146
4150
4156
4158
4159
4160
4162
4163
4166
4167
4172
4174
4177
4178
4186
4187
4188
4191
4196
4202
4205
4207
4209
4211
4212
4213
4214
4215
4216
4219
4222
4226
4228
4230
4231
4233
4234
4238
4239
4240
4242
4245
4247
4253
4256
4260
4261
4263
4267
4268
4277
4278
4279
4281
4286
4288
4289
4290
4291
4296
4298
4299
4300
4301
4304
4306
4309
4311
4314
4315
4316
4317
4318
4319
4325
4326
4328
4329
4331
4336
4340
4344
4349
4354
4355
4363
4367
4372
4382
4388
4393
4399
4402
4405
4412
4413
4416
4418
4420
4422
4424
4427
4429
4431
4433
4435
4437
4444
4447
4451
4454
4455
4458
4460
4472
4474
4476
4484
4494
4498
4499
4502
4506
4508
4509
4510
4519
4520
4521
4525
4532
4533
4538
4543
4545
4556
4557
4560
4568
4569
4576
4579
4580
4583
4584
4585
4586
4587
4591
4592
4596
4597
4599
4601
4604
4608
4611
4615
4617
4620
4623
4625
4627
4628
4629
4632
4635
4639
4640
4642
4644
4649
4652
4659
4664
4667
4669
4672
4675
4677
4680
4684
4686
4687
4690
4692
4699
4700
4703
4706
4708
4712
4714
4721
4722
4729
4730
4731
4733
4734
4735
4752
4753
4758
4762
4764
4765
4771
4773
4775
4778
4781
4783
4790
4792
4798
4804
4809
4812
4813
4818
4821
4823
4827
4829
4832
4833
4837
4838
4842
4852
4859
4862
4863
4864
4868
4872
4874
4875
4878
4882
4883
4892
4899
4901
4902
4903
4905
4913
4922
4923
4924
4925
4927
4929
4930
4935
4938
4940
4942
4943
4944
4948
4950
4951
4954
4960
4963
4964
4966
4967
4968
4969
4973
4976
4984
4985
4993
4996
5000
5005
5007
5017
5021
5022
5028
5031
5041
5044
5050
5057
5060
5062
5063
5066
5076
5077
5082
5084
5085
5086
5089
5094
5101
5111
5112
5113
5115
5121
5125
5127
5132
5134
5136
5139
5141
5151
5153
5154
5156
5157
5161
5164
5165
5166
5171
5173
5174
5175
5177
5179
5180
5185
5187
5189
5190
5192
5194
5199
5202
5203
5204
5213
5214
5215
5217
5222
5225
5229
5233
5235
5237
5242
5243
5244
5253
5254
5257
5258
5265
5271
5274
5284
5291
5293
5294
5299
5302
5303
5307
5310
5318
5328
5331
5340
5342
5343
5345
5349
5350
5356
5357
5358
5361
5376
5381
5382
5383
5384
5389
5392
5395
5403
5410
5413
5418
5419
5420
5430
5434
5438
5447
5449
5454
5455
5463
5466
5467
5468
5472
5473
5479
5487
5489
5493
5494
5495
5498
5499
5514
5519
5521
5525
5528
5530
5543
5547
5549
5553
5557
5561
5563
5569
5572
5586
5588
5590
5591
5592
5594
5595
5596
5598
5600
5601
5602
5605
5609
5618
5622
5630
5632
5635
5639
5643
5645
5648
5655
5659
5661
5666
5671
5674
5678
5685
5688
5691
5692
5698
5700
5701
5702
5705
5708
5712
5713
5715
